Case 5 (Tetragon)

1.  90  90  90  90      (+)
2.  100 80  90  90      (+)
3.  90  100 80  90      (+)
4.  60  90  120 90      (+)
5.  1   89  150 120     (+)

6.  100 100 100 100     (-)
7.  60  60  60  60      (-)
8.  30  30  90  210     (+)
9.  100 60  90  90      (-)
10. 120 60  100 90      (-)

11. 360 0   0   0       (-)
12. 90  60  30  180     (-)
13. 250 -70 90  90      (-)
14. 100 180 60  20      (-)
15. 180 0   180 0       (-)

16. 210 100 30  20      (+)
17. 100 100 80  80      (+)
18. 0   180 90  90      (-)
19. 0   135 135 90      (-)
20. 120 60  120 60      (+)
